0
77.22773566609258 70.85914143216411 0.0 0.0
77.75228411510847 74.63219498481457 0.0 0.0
17.891591556198247 34.03843118197078 0.0 0.0
78.20751474822089 3.031351595874945 0.0 0.0
76.4682602769013 25.706557973972355 0.0 0.0
7.3243361734913055 15.301398220746593 0.0 0.0
93.77304016092071 93.55760708644007 0.0 0.0
34.53719724650118 12.309064960334792 0.0 0.0
90.78641164046421 32.28829344317663 0.0 0.0
45.787452302719444 15.820740225791873 0.0 0.0
55.91244610683346 93.44757450837345 0.0 0.0
65.65379532126545 18.791758942514832 0.0 0.0
29.330670559469485 36.295120713019806 0.0 0.0
54.077113635394724 53.24674430219381 0.0 0.0
82.02326373883996 68.41593073741463 0.0 0.0
9.23209451106292 40.27150912952077 0.0 0.0
5.590213588065042 71.81839284504525 0.0 0.0
23.245895265225528 43.92166233009562 0.0 0.0
44.1052905316017 16.707397312209967 0.0 0.0
98.47150422285905 98.87214427227937 0.0 0.0
45.01506593989943 54.572898985119046 0.0 0.0
44.3900979560286 93.8852870270189 0.0 0.0
6.942238820985407 71.16736848199864 0.0 0.0
41.942828869608256 90.66284054853396 0.0 0.0
59.22265838253049 95.36310907775061 0.0 0.0
95.17786651529595 39.869515069375005 0.0 0.0
32.583183848681756 26.28223294582432 0.0 0.0
47.0433750841938 98.07220636287745 0.0 0.0
12.55444913383494 6.478336418016617 0.0 0.0
72.4612960125582 94.02991090533645 0.0 0.0
25.00903227030848 90.31951808999122 0.0 0.0
49.980383772642476 85.19468405575888 0.0 0.0
32.621285490708416 81.57736967104307 0.0 0.0
27.829898401540117 52.44363858964021 0.0 0.0
75.56018974928422 80.06590186705769 0.0 0.0
7.077656044279408 30.456041888106455 0.0 0.0
42.3511699123532 80.49813080766327 0.0 0.0
90.3378751263821 24.777970696347552 0.0 0.0
3.576600698764034 71.53614376098884 0.0 0.0
47.57531062976897 83.47977007084553 0.0 0.0
8.428116408434375 41.80289650088374 0.0 0.0
83.01259718290143 95.40876313878238 0.0 0.0
95.07633656992479 72.40097775776289 0.0 0.0
9.467604837992733 59.37116977394313 0.0 0.0
35.38576269573469 3.7446179331254053 0.0 0.0
58.626735991168495 32.64311607266474 0.0 0.0
92.17389314623395 87.757020990051 0.0 0.0
93.79873071606384 96.01092738560695 0.0 0.0
56.99439950960735 17.71492326283685 0.0 0.0
20.091457670363592 88.07555262903801 0.0 0.0
77.81437694865397 85.23673282060494 0.0 0.0
19.711507343436626 46.324987420251695 0.0 0.0
95.45510403250725 72.10930582313773 0.0 0.0
1.203099608208103 72.48203276759908 0.0 0.0
59.77475529673878 86.83148322230161 0.0 0.0
57.41889649239938 77.87249336454516 0.0 0.0
93.78964698056066 66.92007711175957 0.0 0.0
16.850750070595897 88.53104429576497 0.0 0.0
57.75833604525124 42.675761512815 0.0 0.0
77.64325887924521 1.9686343241279909 0.0 0.0
43.189837329137596 4.242612108923899 0.0 0.0
13.66716975970373 56.96611429073248 0.0 0.0
34.783643386598136 62.415607283180464 0.0 0.0
44.44328194507264 53.43414377900386 0.0 0.0
57.46497792505095 87.25544151844305 0.0 0.0
76.48043974090085 73.2890311564939 0.0 0.0
33.94387427203083 12.659255287585074 0.0 0.0
30.223483787853908 95.9382934995233 0.0 0.0
71.6011204303282 47.109744415330766 0.0 0.0
76.29881838536964 74.84803974779359 0.0 0.0
10.988108513902658 1.3830976322992683 0.0 0.0
45.596235304714035 23.777148946942734 0.0 0.0
60.32075651987351 27.038775879223284 0.0 0.0
59.936153940786724 9.610358358277589 0.0 0.0
72.05042227929137 11.540969116406076 0.0 0.0
1.6412044247259854 76.30390029850399 0.0 0.0
5.906659724613638 4.872776424902768 0.0 0.0
19.760340566305356 31.273279263487737 0.0 0.0
59.72810546659012 55.49982421960321 0.0 0.0
47.482166715163224 5.10305247166947 0.0 0.0
63.42851706644339 33.51992672120207 0.0 0.0
94.92220373482546 71.24314601599517 0.0 0.0
42.58513341670802 57.79984939770533 0.0 0.0
58.476063260199204 38.87528458079429 0.0 0.0
3.38603892991697 21.84887439359776 0.0 0.0
91.29723834284141 53.38653664460669 0.0 0.0
4.532079365161016 91.6120458211472 0.0 0.0
60.18428938563172 48.87476294220367 0.0 0.0
21.65720485032068 91.78339269510663 0.0 0.0
18.247645478807758 52.3329200082917 0.0 0.0
40.40862624135491 27.141343267768733 0.0 0.0
15.171072147305981 9.115721767620427 0.0 0.0
56.51534478306439 84.79471044344969 0.0 0.0
81.6870563476732 19.483089992781885 0.0 0.0
0.9698575493460098 63.09829290783982 0.0 0.0
11.54890755415717 94.44008009392279 0.0 0.0
50.85369055271168 99.35207078510045 0.0 0.0
90.3053915265214 19.25268409112826 0.0 0.0
42.85251040036279 55.23736633263125 0.0 0.0
26.56594139019331 77.91292465716556 0.0 0.0
40.63109927058424 85.26704558152467 0.0 0.0
47.68626999561535 52.45507252284844 0.0 0.0
81.47233262340285 58.33493747646746 0.0 0.0
55.40525052101655 2.3876339308398338 0.0 0.0
69.92760491791073 28.24217558088503 0.0 0.0
46.42437238115112 61.10290589962948 0.0 0.0
50.17874259217649 45.354956250248584 0.0 0.0
27.240918186529704 46.45743967632954 0.0 0.0
57.373476902139984 93.80947429050991 0.0 0.0
92.72521659265075 37.28266022684576 0.0 0.0
8.367953710696264 75.92541500035848 0.0 0.0
49.97084756276905 17.385244964173424 0.0 0.0
62.09045290338017 25.21932642276275 0.0 0.0
17.34473027531522 84.13141313156521 0.0 0.0
61.630737731802284 22.123584733637422 0.0 0.0
57.421206353177546 22.978467584778446 0.0 0.0
29.158825559916476 99.71535812024783 0.0 0.0
51.60106714027613 3.3202027089602506 0.0 0.0
81.88599997091404 73.94313630765866 0.0 0.0
47.192460777582035 18.750718169867003 0.0 0.0
9.999036224446613 2.5058016783286536 0.0 0.0
85.0660805050446 97.82323178977501 0.0 0.0
36.326317607982894 87.69114799096893 0.0 0.0
32.69189987384894 31.087119751275285 0.0 0.0
86.9314798039678 62.11691492024101 0.0 0.0
24.41886329912517 28.12724603944903 0.0 0.0
67.37666232656602 44.43806195790543 0.0 0.0
51.7725588111867 96.005043235745 0.0 0.0
52.05315686430097 62.18898164944089 0.0 0.0
16.318810123060715 47.41033460622662 0.0 0.0
87.74241919235891 30.018640791945014 0.0 0.0
2.273497730027022 72.4770766423174 0.0 0.0
9.944876270853019 23.65048521177803 0.0 0.0
18.53057577323619 11.09450767549903 0.0 0.0
72.49791931344366 63.4569532022235 0.0 0.0
94.63133072213049 11.658022596956274 0.0 0.0
14.097645287935652 13.080942301498979 0.0 0.0
19.40841176735415 38.55130483703769 0.0 0.0
66.04163006189906 26.063474869820652 0.0 0.0
50.10793551920189 96.73269077904831 0.0 0.0
55.821961528233345 37.9479853370063 0.0 0.0
41.722230818928466 63.114750814394874 0.0 0.0
41.11919890037946 67.82728840715043 0.0 0.0
73.55426593297315 88.47633244903378 0.0 0.0
57.7786473814024 19.77923614033546 0.0 0.0
86.68288895036946 8.9309458231043 0.0 0.0
70.49049978263791 2.1014957763640725 0.0 0.0
87.50518501238211 27.494480045151896 0.0 0.0
46.644899057426194 60.20450068098752 0.0 0.0
99.39906855298183 69.54859746963223 0.0 0.0
3.1918611209465872 5.45485161408696 0.0 0.0
7.77525504612773 88.48398486126213 0.0 0.0
7.804247956331643 45.67884170340159 0.0 0.0
61.873187587497384 90.5297821990442 0.0 0.0
51.21966209736149 88.93766038178408 0.0 0.0
84.60038236024515 93.73207880701086 0.0 0.0
44.324073139917346 49.57208198002097 0.0 0.0
46.018769385425074 68.23524691000203 0.0 0.0
35.83645036513746 10.88501176769132 0.0 0.0
59.745261193641745 13.945228798323487 0.0 0.0
94.35936484109685 30.185276475917888 0.0 0.0
84.05668415951797 20.813509833077944 0.0 0.0
42.57574938392119 32.75538020895353 0.0 0.0
93.87152572122893 23.37458828084081 0.0 0.0
77.99639038916435 34.6296965296047 0.0 0.0
37.02269594230653 99.29812837362374 0.0 0.0
84.8967625523204 58.877641461256644 0.0 0.0
75.33653004360971 94.07986262090999 0.0 0.0
75.92494543593293 53.8788917653087 0.0 0.0
64.99371642367204 40.59234482855227 0.0 0.0
82.81509419484695 98.85454913524825 0.0 0.0
15.967695607600124 34.548350610781185 0.0 0.0
67.70287077303038 92.17935579068507 0.0 0.0
39.01521052640117 73.99547841960126 0.0 0.0
94.71070568682376 41.24573376435993 0.0 0.0
85.23233030855643 7.260981046618057 0.0 0.0
75.75146647334158 43.8803428619257 0.0 0.0
40.58716334535574 44.80031384307388 0.0 0.0
68.88924530757198 35.52823692868229 0.0 0.0
53.09784020546703 92.172147399276 0.0 0.0
93.59554517750259 90.11841420486495 0.0 0.0
39.94102437722088 10.865818453320584 0.0 0.0
97.84795305481524 18.207679324811615 0.0 0.0
26.252274425086586 74.94512172848476 0.0 0.0
97.23672141579513 64.16721002207922 0.0 0.0
53.215072026440154 20.94445088261314 0.0 0.0
93.57227233862211 28.32805084233776 0.0 0.0
9.23009972209003 66.65983529240128 0.0 0.0
65.4236543223652 40.13803995990372 0.0 0.0
14.010594298316052 91.91838209468442 0.0 0.0
16.06439276913958 97.00322079555933 0.0 0.0
25.8631549088498 99.08486408579266 0.0 0.0
58.957912541393036 46.59181549467615 0.0 0.0
12.686332371548483 33.97392355189364 0.0 0.0
21.179853732440403 12.9681763870807 0.0 0.0
73.85167643248471 48.48036895084377 0.0 0.0
36.049118634184126 15.49786141217258 0.0 0.0
89.12357925452547 91.11844568531937 0.0 0.0
18.223386264772383 87.02307050122312 0.0 0.0
6.125346054116575 71.77381885652345 0.0 0.0
1.1080425281411153 7.350200266158665 0.0 0.0
83.06939578562712 6.319090985066154 0.0 0.0
43.130193346146065 83.11808912790269 0.0 0.0
54.539258579977854 72.32528035047847 0.0 0.0
14.741342089888352 81.62677952873932 0.0 0.0
71.04032061386889 15.917589364068267 0.0 0.0
91.93380386758045 75.70221432557825 0.0 0.0
49.82474503131831 20.874066936748957 0.0 0.0
15.586588486200334 2.6522746090666596 0.0 0.0
53.14403716147773 39.350455648695316 0.0 0.0
74.0967011342765 52.833926383896504 0.0 0.0
93.08997811473186 96.63356177791819 0.0 0.0
26.50127812166934 90.29994857308104 0.0 0.0
65.55139125538125 21.578874625444712 0.0 0.0
72.65487376169467 84.42686697734514 0.0 0.0
86.04026053721174 36.37599487233308 0.0 0.0
48.9944829020861 72.34314169289074 0.0 0.0
28.726183138566295 32.50756758234825 0.0 0.0
28.502489085473787 14.378550709174938 0.0 0.0
29.462937112877412 89.22397401968584 0.0 0.0
69.164814665822 83.64194505040909 0.0 0.0
59.39518314824499 46.04694651571084 0.0 0.0
80.51782433951043 48.20512533825102 0.0 0.0
39.396851221666275 29.740575189574606 0.0 0.0
26.283394822823432 22.22558906788678 0.0 0.0
9.115755481147957 42.8478314074893 0.0 0.0
32.10666387779627 50.68027327742382 0.0 0.0
50.28125468962467 69.78477900367616 0.0 0.0
18.0354553742111 64.20609600062888 0.0 0.0
2.173537108884144 11.113058242579442 0.0 0.0
21.614313262321023 69.35126725873685 0.0 0.0
94.75410721907909 71.97405227415399 0.0 0.0
46.309304608062945 89.83375914184326 0.0 0.0
88.91758665833089 41.76524353399348 0.0 0.0
21.432405132663717 47.68024087675292 0.0 0.0
84.64467962765171 59.47088873824683 0.0 0.0
25.29627697237844 76.37997182826327 0.0 0.0
41.01542437334642 42.625018939873456 0.0 0.0
94.00166769556482 99.43373657461143 0.0 0.0
32.580382939078554 66.68505974503131 0.0 0.0
2.5403670608283093 55.907980116482385 0.0 0.0
41.48538019676687 14.129043996290358 0.0 0.0
74.2868478007553 54.31852284015054 0.0 0.0
86.50274573945454 86.85844463426142 0.0 0.0
70.95121095092088 51.867072581318226 0.0 0.0
62.23868072630601 62.99205791514805 0.0 0.0
59.674915702702094 94.23680618999268 0.0 0.0
72.76246851385906 1.8741522726414652 0.0 0.0
71.66908443554549 35.320787778138346 0.0 0.0
25.23869875531465 51.59230293512332 0.0 0.0
