0
4.029683314196774 6.814525234353589 0.0 0.0
34.948651328070625 69.03447144837568 0.0 0.0
43.828549692728686 26.912345292845373 0.0 0.0
9.233358281789531 7.589952845442205 0.0 0.0
41.875120545095015 14.40095222388662 0.0 0.0
21.50344885449477 13.947653066924602 0.0 0.0
67.64562231046278 84.05415233830786 0.0 0.0
78.77351601655546 8.15484664911088 0.0 0.0
6.749254945291071 44.56933750549728 0.0 0.0
4.495719550785537 40.93442035723783 0.0 0.0
66.34415935073697 94.15510149864144 0.0 0.0
13.523296280063207 93.4429198784279 0.0 0.0
44.36600241437718 68.67532713155646 0.0 0.0
74.11468649533919 44.27797746742769 0.0 0.0
30.29862951976437 53.44643826969899 0.0 0.0
93.62965896325298 23.628637635490882 0.0 0.0
73.8100361844842 84.1282681810059 0.0 0.0
90.66252743756121 46.30591018462991 0.0 0.0
85.17068319255768 75.49268856814447 0.0 0.0
77.45133389265814 42.2346011297545 0.0 0.0
89.96484451211298 69.19794365393824 0.0 0.0
12.495639048923842 80.83120245572232 0.0 0.0
38.19952768908447 87.04039067246124 0.0 0.0
30.409244795454942 34.53643704215658 0.0 0.0
64.50917034929952 42.49903200882724 0.0 0.0
22.1279989957049 66.61472514369026 0.0 0.0
75.74815155255544 36.73205819082651 0.0 0.0
35.68655054617882 95.17664820885909 0.0 0.0
60.85679681223225 41.52831457145548 0.0 0.0
63.871634444416856 67.22421568893128 0.0 0.0
71.4804354981185 59.06036670771704 0.0 0.0
44.15330604762848 33.362466645638314 0.0 0.0
50.41469555199147 50.62960862584811 0.0 0.0
62.3892031075393 13.664744814235412 0.0 0.0
76.54408506103294 59.93758286794519 0.0 0.0
88.89071684587653 72.0226730439661 0.0 0.0
93.53453403203733 28.761437256912764 0.0 0.0
3.5336918642848154 6.155655325713912 0.0 0.0
75.13445909063961 38.2552235432002 0.0 0.0
57.69001200483562 29.298425905584136 0.0 0.0
36.53254093572319 19.442431636487235 0.0 0.0
42.8502083080148 31.42899990440975 0.0 0.0
88.81423269547989 81.80896312453805 0.0 0.0
64.90092436066969 54.74304370419672 0.0 0.0
12.152735006785292 61.24947181570513 0.0 0.0
63.114898150009104 67.9244593645838 0.0 0.0
8.963930877325115 55.963747260409605 0.0 0.0
88.00478050857116 64.60579826145415 0.0 0.0
78.84851296980676 25.24355956961374 0.0 0.0
46.28595739390439 39.25573179536738 0.0 0.0
96.73831795109245 83.43417042273613 0.0 0.0
54.287197510006806 36.57468632929186 0.0 0.0
46.25758681323643 9.698422919652831 0.0 0.0
57.24177006473758 60.32342913646715 0.0 0.0
41.90365109343503 57.555074905365814 0.0 0.0
50.98539511025491 84.35316532496779 0.0 0.0
78.24529683795731 26.506860900299028 0.0 0.0
4.681135400119473 4.449437987592965 0.0 0.0
63.930782401726525 7.417377854263069 0.0 0.0
68.28510829498872 24.44590389578448 0.0 0.0
96.89126715054577 41.63981746664831 0.0 0.0
40.56062315528796 35.90777762601637 0.0 0.0
74.71913139608706 85.24414186947931 0.0 0.0
52.54212113507646 91.52849678179564 0.0 0.0
66.79443787202942 16.033192393985832 0.0 0.0
83.44403022789032 32.226932774346565 0.0 0.0
50.326517352960785 26.38187932737476 0.0 0.0
15.103398880539942 66.77616818902155 0.0 0.0
95.07144002602892 97.27738593392843 0.0 0.0
47.13893934569002 68.63868193358381 0.0 0.0
79.07983835536085 68.2820880817464 0.0 0.0
62.10282995451706 59.52646678565324 0.0 0.0
74.42334380081321 80.48457721037605 0.0 0.0
75.995403806205 33.048399538793284 0.0 0.0
17.44162149582328 58.848025143213974 0.0 0.0
42.606592716724634 62.65092861163544 0.0 0.0
60.6457511559433 64.708742418182 0.0 0.0
16.241729685987515 15.901847745668746 0.0 0.0
53.00743183244121 36.52170669719424 0.0 0.0
72.48310643359795 34.01074892266241 0.0 0.0
7.957269905335927 31.293392065361925 0.0 0.0
64.73236448818194 71.32344826467676 0.0 0.0
42.009132347512846 20.486156080186042 0.0 0.0
47.372617802646104 72.37141422502557 0.0 0.0
5.521318074494378 30.52206550825956 0.0 0.0
48.48290870718226 81.90105076630658 0.0 0.0
24.699013265171082 37.357868762791405 0.0 0.0
26.131373169874713 88.1513333765802 0.0 0.0
70.53631497564255 94.94653412551536 0.0 0.0
92.36722423149436 3.492167531700151 0.0 0.0
25.98977081818096 90.74452668803127 0.0 0.0
30.125421350513797 25.379448335755047 0.0 0.0
17.269215666322825 77.76776783113809 0.0 0.0
80.35165677888065 22.42670446204601 0.0 0.0
56.72536025757441 92.04294460324029 0.0 0.0
35.74900505971527 83.23682266429526 0.0 0.0
41.40741161817393 22.644608404712372 0.0 0.0
43.641369888331596 85.48117886342825 0.0 0.0
6.9576867444262795 82.8522371034989 0.0 0.0
97.54258514820212 25.55723628779685 0.0 0.0
